RELATÓRIO DE DADOS DA SIMULAÇÃO
================================================================================
Título: Simulação Atual
Data/Hora: 12/01/2026 11:34:00
Total de registros: 960

DETALHES POR PONTO DE TEMPO
================================================================================
Tempo (min)  Fila     Ocupação (%) Atendidos  Desistentes  Espera (min) Méd. Pausa
--------------------------------------------------------------------------------
0.5          0        0.0          0          0            0.0          0         
0.5          0        0.0          1          0            0.0          0         
1.0          0        0.0          2          0            0.0          0         
1.5          0        0.0          3          0            0.0          0         
2.0          0        0.0          4          0            0.0          0         
2.5          0        0.0          5          0            0.0          0         
3.0          0        0.0          6          0            0.0          0         
3.5          0        0.0          6          0            0.0          0         
4.0          0        0.0          7          0            0.0          0         
4.5          0        0.0          8          0            0.0          0         
5.0          0        0.0          9          0            0.0          0         
5.5          0        0.0          10         0            0.0          0         
6.0          0        0.0          10         0            0.0          0         
6.5          0        0.0          11         0            0.0          0         
7.0          0        0.0          12         0            0.0          0         
7.5          1        0.0          12         0            0.0          0         
8.0          1        0.0          12         0            0.5          0         
8.5          2        0.0          12         0            0.5          0         
9.0          2        0.0          13         0            1.0          0         
9.5          2        0.0          14         0            1.5          0         
10.0         2        2.9          15         0            1.2          0         
10.5         2        2.9          16         0            1.8          0         
11.0         3        2.9          16         0            1.5          0         
11.5         4        2.9          16         0            1.5          0         
12.0         4        2.9          17         0            2.0          0         
12.5         3        5.7          19         0            1.7          0         
13.0         3        11.4         19         0            2.2          0         
13.5         3        11.4         20         0            2.7          0         
14.0         3        11.4         21         0            3.2          0         
14.5         2        14.3         23         0            3.8          0         
15.0         2        17.1         24         0            4.2          0         
15.5         2        16.9         24         0            4.8          0         
16.0         2        16.5         25         0            5.2          0         
16.5         2        16.1         26         0            5.8          0         
17.0         3        18.2         26         0            4.2          0         
17.5         3        17.7         27         0            4.7          0         
18.0         3        19.7         28         0            5.2          0         
18.5         2        21.6         30         0            4.2          0         
19.0         3        23.4         30         0            3.2          0         
19.5         4        22.9         30         0            2.8          0         
20.0         4        22.4         31         0            3.2          0         
20.5         5        21.9         31         0            3.0          0         
21.0         4        25.6         33         0            3.2          0         
21.5         5        25.0         33         0            3.0          0         
22.0         5        26.5         34         0            3.5          0         
22.5         5        26.0         35         0            4.0          0         
23.0         4        26.5         37         0            4.6          0         
23.5         5        27.9         37         0            4.1          0         
24.0         5        29.2         37         0            4.6          0         
24.5         5        28.8         38         0            5.1          0         
25.0         5        28.3         39         0            5.6          0         
25.5         6        29.0         39         0            5.1          0         
26.0         6        28.6         40         0            5.6          0         
26.5         5        31.1         42         0            4.3          0         
27.0         6        30.7         42         0            4.0          0         
27.5         6        33.2         43         0            3.8          0         
28.0         6        34.2         44         0            4.3          0         
28.5         6        33.9         44         0            4.8          0         
29.0         5        36.5         45         0            4.9          0         
29.5         5        36.2         46         0            4.6          0         
30.0         6        37.4         46         0            4.2          0         
30.5         6        37.0         46         0            4.8          0         
31.0         5        37.8         48         0            6.0          0         
31.5         5        40.0         49         0            6.5          0         
32.0         5        39.4         50         0            7.0          0         
32.5         5        40.2         51         0            7.5          0         
33.0         5        39.6         52         0            8.0          0         
33.5         5        40.4         53         0            8.5          0         
34.0         5        39.9         54         0            9.0          0         
34.5         5        40.6         55         0            9.5          0         
35.0         5        41.3         55         0            10.0         0         
35.5         4        42.4         57         0            7.0          0         
36.0         4        41.9         58         0            7.5          0         
36.5         4        41.4         59         0            8.0          0         
37.0         5        40.9         59         0            6.8          0         
37.5         5        40.4         60         0            7.3          0         
38.0         5        42.3         60         0            7.8          0         
38.5         4        44.0         61         0            8.2          0         
39.0         5        44.6         61         0            7.0          0         
39.5         5        44.1         62         0            7.5          0         
40.0         6        44.7         62         0            6.7          0         
40.5         6        44.3         62         0            7.2          0         
41.0         6        43.8         62         0            7.7          0         
41.5         6        43.3         63         0            8.2          0         
42.0         7        42.9         63         0            7.4          0         
42.5         7        42.4         63         0            7.9          0         
43.0         8        42.0         63         0            7.4          0         
43.5         8        41.6         64         0            7.9          0         
44.0         8        43.1         65         0            5.5          0         
44.5         8        42.7         66         0            6.0          0         
45.0         9        42.3         66         0            5.8          0         
45.5         9        42.8         67         0            6.3          0         
46.0         9        43.4         68         0            6.8          0         
46.5         9        42.9         69         0            7.3          0         
47.0         9        43.4         70         0            7.8          0         
47.5         10       43.9         70         0            7.5          0         
48.0         11       43.5         70         0            7.2          0         
48.5         11       43.1         70         0            7.7          0         
49.0         11       42.6         70         0            8.2          0         
49.5         11       43.1         71         0            7.9          0         
50.0         10       43.6         73         0            8.7          0         
50.5         9        44.0         74         0            9.9          0         
51.0         8        44.4         76         0            10.9         0         
51.5         9        44.0         76         0            10.1         0         
52.0         10       43.6         76         0            9.6          0         
52.5         10       44.1         77         0            10.1         0         
53.0         11       43.7         77         0            9.6          0         
53.5         11       43.3         78         0            10.1         0         
54.0         11       42.9         79         0            10.6         0         
54.5         10       44.2         81         0            11.7         0         
55.0         10       43.8         82         0            12.2         0         
55.5         8        46.5         85         0            10.0         0         
56.0         7        46.9         87         0            9.1          0         
56.5         8        46.5         87         0            8.4          0         
57.0         8        46.9         88         0            7.7          0         
57.5         7        47.1         90         0            8.7          0         
58.0         8        47.3         90         0            8.1          0         
58.5         9        47.0         90         0            7.6          0         
59.0         8        47.4         92         0            9.0          0         
59.5         8        47.1         93         0            9.5          0         
60.0         7        47.5         95         0            10.9         0         
60.5         8        47.2         95         0            10.0         0         
61.0         8        48.9         96         0            8.1          1         
61.5         8        49.3         96         0            8.6          1         
62.0         7        50.3         98         0            9.4          1         
62.5         8        49.9         98         0            8.6          1         
63.0         8        50.8         99         0            8.9          2         
63.5         8        50.4         100        0            9.4          2         
64.0         9        50.0         100        0            8.8          2         
64.5         9        49.7         100        0            9.3          2         
65.0         10       49.3         100        0            8.8          2         
65.5         8        50.2         103        0            10.1         2         
66.0         9        49.8         103        0            9.4          2         
66.5         10       49.7         103        0            8.9          2         
67.0         9        50.7         105        0            7.8          2         
67.5         10       50.3         105        0            7.5          2         
68.0         11       50.0         105        0            7.3          2         
68.5         12       50.3         105        0            7.1          2         
69.0         12       50.5         106        0            7.3          2         
69.5         12       50.2         106        0            7.8          2         
70.0         11       51.1         108        0            8.6          2         
70.5         12       50.8         108        0            8.4          2         
71.0         13       50.4         108        0            8.2          2         
71.5         13       50.1         109        0            8.7          2         
72.0         14       49.8         109        0            8.5          2         
72.5         15       49.4         109        0            8.4          2         
73.0         16       49.1         109        0            8.4          2         
73.5         16       50.0         110        0            8.7          2         
74.0         16       50.2         111        0            8.8          2         
74.5         14       51.6         114        0            10.1         2         
75.0         13       51.9         115        1            8.5          2         
75.5         13       52.7         116        1            8.9          2         
76.0         12       53.0         117        1            9.1          1         
76.5         12       53.2         118        1            8.6          1         
77.0         13       52.8         118        1            8.4          2         
77.5         12       53.1         120        1            9.5          2         
78.0         12       53.3         121        1            10.0         1         
78.5         12       52.9         122        1            10.5         1         
79.0         11       53.2         123        1            11.4         1         
79.5         11       53.4         124        1            11.0         1         
80.0         9        54.1         126        1            12.1         1         
80.5         9        54.3         127        1            11.0         1         
81.0         10       54.0         127        1            10.3         1         
81.5         11       53.7         127        1            9.9          2         
82.0         10       53.5         129        1            11.3         2         
82.5         10       54.0         130        1            10.3         2         
83.0         10       54.2         130        1            10.8         2         
83.5         10       54.5         130        1            11.3         2         
84.0         10       54.2         130        1            11.8         2         
84.5         11       53.9         130        1            11.2         2         
85.0         12       53.6         130        1            10.8         2         
85.5         12       53.8         131        1            8.9          2         
86.0         13       53.5         131        1            8.7          2         
86.5         13       53.8         132        1            9.2          2         
87.0         13       54.5         133        1            9.7          2         
87.5         13       54.2         133        1            10.2         2         
88.0         12       54.4         135        1            11.3         2         
88.5         13       54.2         135        1            10.9         2         
89.0         13       54.4         136        1            10.4         2         
89.5         13       54.1         136        1            10.9         2         
90.0         12       54.3         138        1            11.8         2         
90.5         13       54.0         138        1            11.3         2         
91.0         12       54.7         140        1            11.4         2         
91.5         13       54.9         140        1            11.0         2         
92.0         13       54.6         140        1            11.5         1         
92.5         13       54.3         141        1            12.0         2         
93.0         13       54.0         142        1            12.5         2         
93.5         13       54.2         143        1            12.6         2         
94.0         13       54.4         144        1            12.7         2         
94.5         12       55.0         146        1            13.3         2         
95.0         13       54.7         146        1            12.7         2         
95.5         13       54.4         147        1            13.2         2         
96.0         14       54.1         147        1            12.8         2         
96.5         15       53.9         147        1            12.4         1         
97.0         16       53.6         147        1            12.1         1         
97.5         17       53.7         147        1            11.8         2         
98.0         18       53.9         147        1            11.6         2         
98.5         18       53.6         148        1            12.1         2         
99.0         19       53.4         148        1            12.0         2         
99.5         17       54.4         151        1            12.0         2         
100.0        15       55.3         153        2            9.2          2         
100.5        16       55.0         153        2            9.1          2         
101.0        15       55.2         155        2            8.9          2         
101.5        16       54.9         155        2            8.8          2         
102.0        15       55.4         157        2            8.4          2         
102.5        16       55.2         157        2            8.3          2         
103.0        16       55.4         158        2            8.8          2         
103.5        16       55.5         159        2            9.3          2         
104.0        17       55.3         159        2            9.3          2         
104.5        15       56.3         162        2            9.1          2         
105.0        13       56.9         165        2            9.9          2         
105.5        13       56.6         166        2            10.4         2         
106.0        14       56.4         166        2            10.1         2         
106.5        15       56.1         166        2            9.9          2         
107.0        15       55.9         166        2            10.4         2         
107.5        16       55.6         166        2            10.2         1         
108.0        16       55.4         167        2            10.8         1         
108.5        17       55.1         167        2            10.6         1         
109.0        17       54.8         168        2            11.1         1         
109.5        16       55.4         170        2            11.9         1         
110.0        16       55.5         170        3            10.2         1         
110.5        16       55.3         170        3            10.7         1         
111.0        17       55.4         170        3            10.5         1         
111.5        16       55.3         172        3            10.6         2         
112.0        17       55.1         172        3            10.5         2         
112.5        17       55.2         173        3            11.0         1         
113.0        17       55.4         174        3            11.1         1         
113.5        18       55.1         174        3            10.9         1         
114.0        19       55.3         174        3            10.8         1         
114.5        20       55.1         174        3            10.8         1         
115.0        20       54.8         175        3            11.3         1         
115.5        19       55.0         177        3            11.7         1         
116.0        20       54.8         177        3            11.6         1         
116.5        20       54.9         178        3            11.8         1         
117.0        21       55.1         178        3            11.7         2         
117.5        21       55.2         179        3            11.6         2         
118.0        21       55.3         180        3            11.7         2         
118.5        20       55.5         181        3            12.2         2         
119.0        20       55.6         182        3            11.7         2         
119.5        21       55.4         182        3            11.6         2         
120.0        22       55.2         182        3            11.5         2         
120.5        23       55.0         182        3            11.5         2         
121.0        23       54.7         183        3            12.0         2         
121.5        24       54.5         183        3            12.0         2         
122.0        24       54.7         184        3            11.6         2         
122.5        23       54.8         186        3            12.0         2         
123.0        23       54.6         187        3            12.5         2         
123.5        23       54.7         188        3            12.8         2         
124.0        22       55.2         190        3            11.9         2         
124.5        22       55.6         191        3            11.3         2         
125.0        20       56.1         193        4            8.7          2         
125.5        20       55.9         193        4            9.2          2         
126.0        19       56.4         195        4            9.6          2         
126.5        19       56.5         196        4            9.9          1         
127.0        20       56.2         196        4            9.9          1         
127.5        20       56.4         197        4            10.2         1         
128.0        21       56.5         197        4            10.2         1         
128.5        18       57.4         201        4            11.1         1         
129.0        18       57.6         202        4            11.0         1         
129.5        19       57.3         202        4            10.9         1         
130.0        18       57.1         203        5            10.1         1         
130.5        17       57.3         205        5            10.2         1         
131.0        17       57.4         206        5            10.0         2         
131.5        17       57.2         206        5            10.5         2         
132.0        17       57.0         207        5            11.0         1         
132.5        16       57.4         209        5            12.1         2         
133.0        17       57.2         209        5            11.9         2         
133.5        16       57.9         211        5            10.6         2         
134.0        16       58.1         212        5            10.1         2         
134.5        17       57.9         212        5            10.0         2         
135.0        18       58.0         212        5            9.9          2         
135.5        17       58.1         214        5            11.0         2         
136.0        17       58.6         215        5            11.5         2         
136.5        17       58.7         216        5            11.9         2         
137.0        17       58.8         217        5            11.7         2         
137.5        18       58.6         217        5            11.5         2         
138.0        17       58.7         219        5            11.9         2         
138.5        18       58.5         219        5            11.8         2         
139.0        18       58.6         220        5            11.9         2         
139.5        16       59.0         223        5            12.9         2         
140.0        16       59.2         224        5            13.4         2         
140.5        16       59.0         225        5            13.9         2         
141.0        15       59.8         227        5            15.1         2         
141.5        16       59.9         227        5            14.7         2         
142.0        16       59.7         228        5            15.2         2         
142.5        15       59.8         229        5            16.6         2         
143.0        15       59.6         230        5            17.1         2         
143.5        14       60.0         232        5            16.1         2         
144.0        15       60.1         232        5            15.5         2         
144.5        15       60.0         233        5            16.0         2         
145.0        14       60.1         234        5            15.5         2         
145.5        14       60.2         235        5            15.1         2         
146.0        14       60.3         235        5            15.6         1         
146.5        14       60.1         236        5            16.1         2         
147.0        14       59.9         237        5            16.6         2         
147.5        15       59.7         237        5            16.0         1         
148.0        14       59.8         239        5            14.0         2         
148.5        14       60.0         240        5            14.2         2         
149.0        14       59.8         241        5            14.8         2         
149.5        14       59.9         242        5            15.2         2         
150.0        13       60.0         243        5            16.4         2         
150.5        14       59.8         243        5            15.7         2         
151.0        14       59.9         244        5            15.3         2         
151.5        15       60.0         244        5            14.8         2         
152.0        16       59.9         244        5            14.3         2         
152.5        16       59.7         245        5            14.8         2         
153.0        16       60.1         246        5            13.0         2         
153.5        15       60.5         248        5            12.3         2         
154.0        14       60.6         250        5            13.4         2         
154.5        14       60.4         250        5            13.9         2         
155.0        14       60.8         251        5            14.4         2         
155.5        15       60.6         251        5            13.9         2         
156.0        16       60.4         251        5            13.5         2         
156.5        15       60.5         253        5            13.1         2         
157.0        16       60.9         253        5            12.8         2         
157.5        17       60.7         253        5            12.5         2         
158.0        16       61.1         255        5            13.4         2         
158.5        15       61.5         257        5            14.7         2         
159.0        14       61.6         259        5            14.9         2         
159.5        15       61.4         259        5            14.4         2         
160.0        15       61.7         260        5            14.9         2         
160.5        15       61.8         261        5            14.9         2         
161.0        16       61.7         261        5            14.4         2         
161.5        17       61.8         261        5            14.0         1         
162.0        17       61.9         262        5            14.4         2         
162.5        18       61.7         262        5            14.1         2         
163.0        18       61.8         262        5            14.6         1         
163.5        18       61.6         263        5            15.1         2         
164.0        17       62.0         265        5            15.6         2         
164.5        16       62.3         267        5            15.2         2         
165.0        16       62.4         268        5            15.7         2         
165.5        16       62.5         269        5            15.6         2         
166.0        17       62.3         269        5            15.1         2         
166.5        18       62.2         269        5            14.8         2         
167.0        18       62.0         270        5            14.8         2         
167.5        19       61.8         270        5            14.5         2         
168.0        18       61.9         272        5            14.1         2         
168.5        18       62.0         273        5            14.6         2         
169.0        16       62.6         276        5            16.0         2         
169.5        17       62.4         276        5            15.6         2         
170.0        14       62.5         278        7            13.5         2         
170.5        14       62.4         279        7            14.0         2         
171.0        14       62.4         280        7            13.9         2         
171.5        15       62.3         280        7            13.4         2         
172.0        15       62.1         281        7            13.9         2         
172.5        16       62.2         281        7            13.5         2         
173.0        16       62.0         282        7            14.0         2         
173.5        15       62.4         284        7            11.8         2         
174.0        16       62.5         284        7            11.6         2         
174.5        17       62.5         284        7            11.4         2         
175.0        17       62.6         285        7            11.4         2         
175.5        15       63.2         288        7            12.1         2         
176.0        15       63.0         289        7            12.6         2         
176.5        15       63.1         289        7            13.1         2         
177.0        15       63.0         290        7            13.6         1         
177.5        16       62.8         290        7            13.2         1         
178.0        15       63.1         292        7            14.3         1         
178.5        16       63.0         292        7            13.9         0         
179.0        16       62.8         293        7            14.4         0         
179.5        16       62.6         294        7            14.9         0         
180.0        14       62.9         295        9            11.4         0         
180.5        14       62.8         296        9            11.9         2         
181.0        13       63.1         298        9            12.5         2         
181.5        13       63.0         299        9            13.0         2         
182.0        13       63.1         300        9            11.2         2         
182.5        13       63.1         301        9            11.7         2         
183.0        12       63.2         303        9            12.5         2         
183.5        12       63.1         304        9            13.0         2         
184.0        12       62.9         305        9            13.5         2         
184.5        13       62.7         305        9            12.9         2         
185.0        11       63.1         307        10           12.3         2         
185.5        12       63.4         307        10           11.7         2         
186.0        12       63.2         307        10           12.2         2         
186.5        12       63.3         308        10           12.7         2         
187.0        11       63.4         310        10           12.1         2         
187.5        11       63.5         310        10           12.6         2         
188.0        11       63.8         311        10           13.1         2         
188.5        9        64.1         314        10           14.9         2         
189.0        9        64.1         315        10           15.4         2         
189.5        10       64.0         315        10           14.3         2         
190.0        9        63.9         317        10           15.9         2         
190.5        10       63.8         317        10           14.8         2         
191.0        10       63.7         318        10           15.2         2         
191.5        10       63.6         319        10           15.8         2         
192.0        9        63.7         321        10           16.1         2         
192.5        8        64.1         323        10           18.4         2         
193.0        8        63.9         324        10           18.9         2         
193.5        9        64.0         324        10           17.3         2         
194.0        9        63.9         325        10           17.8         2         
194.5        9        63.7         325        10           18.3         2         
195.0        10       63.8         325        10           16.9         2         
195.5        10       64.1         326        10           15.2         0         
196.0        10       64.2         326        10           15.8         0         
196.5        10       64.3         326        10           16.2         0         
197.0        10       64.2         327        10           16.8         1         
197.5        10       64.0         328        10           17.2         1         
198.0        10       64.1         329        10           17.8         1         
198.5        11       63.9         329        10           16.6         1         
199.0        12       63.8         329        10           15.7         1         
199.5        12       63.7         330        10           15.3         1         
200.0        12       63.8         330        11           12.6         1         
200.5        12       63.6         331        11           13.1         1         
201.0        13       63.5         331        11           12.5         1         
201.5        12       63.6         332        11           13.9         1         
202.0        12       63.4         333        11           14.4         2         
202.5        13       63.3         333        11           13.7         2         
203.0        14       63.2         333        11           13.2         2         
203.5        15       63.0         333        11           12.8         2         
204.0        16       62.9         333        11           12.5         2         
204.5        15       63.1         335        11           13.5         2         
205.0        11       63.6         337        14           8.0          2         
205.5        12       63.7         337        14           7.8          2         
206.0        12       63.8         338        14           8.2          2         
206.5        12       63.8         339        14           8.4          2         
207.0        12       64.1         339        14           8.9          2         
207.5        13       64.0         339        14           8.7          2         
208.0        12       64.3         340        14           7.2          2         
208.5        13       64.2         340        14           7.1          2         
209.0        13       64.2         341        14           7.6          2         
209.5        13       64.3         342        14           8.1          2         
210.0        12       64.6         343        14           8.8          2         
210.5        12       64.5         344        14           9.3          2         
211.0        11       64.6         346        14           8.7          2         
211.5        11       64.4         347        14           9.2          2         
212.0        10       64.5         349        14           9.8          1         
212.5        10       64.4         349        14           10.3         1         
213.0        10       64.4         350        14           10.1         2         
213.5        10       64.3         350        14           10.6         2         
214.0        10       64.4         351        14           11.1         2         
214.5        11       64.2         351        14           10.5         2         
215.0        11       64.1         352        14           11.0         2         
215.5        12       64.0         352        14           10.5         2         
216.0        12       64.0         353        14           11.0         2         
216.5        12       64.1         354        14           8.9          2         
217.0        10       64.4         356        14           10.1         1         
217.5        11       64.2         356        14           9.6          1         
218.0        11       64.1         357        14           8.4          1         
218.5        11       64.0         358        14           6.8          1         
219.0        11       63.8         359        14           7.3          1         
219.5        11       64.1         360        14           7.8          1         
220.0        11       64.0         360        14           8.3          1         
220.5        12       63.8         360        14           8.0          2         
221.0        11       63.9         362        14           9.0          2         
221.5        11       63.8         363        14           9.5          2         
222.0        12       63.8         363        14           9.2          2         
222.5        12       63.7         364        14           9.7          2         
223.0        11       63.8         366        14           9.3          2         
223.5        10       63.8         368        14           10.8         2         
224.0        10       63.9         369        14           11.2         2         
224.5        11       63.7         369        14           10.7         2         
225.0        10       63.8         371        14           12.2         2         
225.5        9        64.3         373        14           13.3         2         
226.0        8        64.1         375        14           14.8         2         
226.5        9        64.2         375        14           13.6         2         
227.0        9        64.2         376        14           12.7         2         
227.5        8        64.1         377        14           13.4         2         
228.0        6        64.4         380        14           14.8         1         
228.5        4        64.8         383        14           20.8         1         
229.0        4        64.7         384        14           21.2         2         
229.5        4        64.6         385        14           21.8         2         
230.0        5        64.8         385        14           17.8         2         
230.5        5        64.9         386        14           18.3         2         
231.0        5        64.9         387        14           12.6         2         
231.5        6        64.8         387        14           10.9         2         
232.0        6        64.9         388        14           11.4         2         
232.5        6        64.7         389        14           11.9         2         
233.0        6        64.6         389        14           12.4         2         
233.5        4        65.0         392        14           18.0         2         
234.0        4        65.1         393        14           18.5         2         
234.5        4        65.0         394        14           19.0         2         
235.0        4        64.8         394        15           11.6         2         
235.5        4        64.7         395        15           12.1         1         
236.0        4        64.6         396        15           12.6         2         
236.5        5        64.5         396        15           10.5         2         
237.0        6        64.4         396        15           9.2          2         
237.5        7        64.2         396        15           8.3          2         
238.0        6        64.5         398        15           10.1         2         
238.5        6        64.3         398        15           10.6         2         
239.0        6        64.8         399        15           11.1         2         
239.5        7        64.6         399        15           9.9          2         
240.0        7        64.7         400        15           10.4         2         
240.5        8        64.7         400        15           9.6          2         
241.0        8        65.0         401        15           9.3          2         
241.5        8        64.9         401        15           9.8          2         
242.0        9        64.7         401        15           9.2          2         
242.5        8        65.0         403        15           6.9          2         
243.0        8        64.9         404        15           7.4          2         
243.5        8        64.9         405        15           7.9          2         
244.0        7        65.0         407        15           7.8          1         
244.5        7        65.2         407        15           8.3          2         
245.0        8        65.1         407        15           7.7          2         
245.5        7        65.1         409        15           8.0          2         
246.0        8        65.0         409        15           7.4          2         
246.5        8        64.9         410        15           7.9          2         
247.0        8        65.1         410        15           8.4          2         
247.5        8        65.0         411        15           8.9          2         
248.0        8        65.2         412        15           9.4          2         
248.5        8        65.3         413        15           9.6          2         
249.0        8        65.4         414        15           9.7          2         
249.5        6        65.6         417        15           12.7         2         
250.0        7        65.5         417        15           11.3         2         
250.5        8        65.3         417        15           10.3         2         
251.0        9        65.6         417        15           9.6          1         
251.5        9        65.4         418        15           10.1         1         
252.0        8        65.5         420        15           11.8         2         
252.5        8        65.6         421        15           12.3         2         
253.0        7        65.5         423        15           12.3         2         
253.5        7        65.4         424        15           12.8         2         
254.0        7        65.8         425        15           13.3         2         
254.5        8        65.7         425        15           12.1         2         
255.0        8        65.7         426        15           12.6         2         
255.5        9        65.8         426        15           11.6         2         
256.0        9        65.9         427        15           12.1         2         
256.5        6        66.1         431        15           15.2         2         
257.0        7        66.2         431        15           13.5         2         
257.5        6        66.6         432        15           15.2         2         
258.0        6        66.4         433        15           15.7         2         
258.5        6        66.3         434        15           16.2         2         
259.0        6        66.2         435        15           16.7         2         
259.5        6        66.1         435        15           17.2         1         
260.0        5        66.2         436        16           11.9         1         
260.5        6        66.1         436        16           10.3         1         
261.0        6        66.1         436        16           10.8         1         
261.5        6        66.0         436        16           11.3         2         
262.0        6        65.9         437        16           11.8         2         
262.5        6        66.1         438        16           12.3         2         
263.0        5        66.2         440        16           14.8         2         
263.5        4        66.2         442        16           13.4         2         
264.0        5        66.3         442        16           11.1         2         
264.5        5        66.4         443        16           11.6         2         
265.0        6        66.3         443        16           10.1         2         
265.5        6        66.2         444        16           7.8          2         
266.0        7        66.1         444        16           7.1          2         
266.5        8        66.0         444        16           6.7          2         
267.0        9        65.9         444        16           6.4          1         
267.5        8        66.1         446        16           7.3          2         
268.0        8        66.0         447        16           7.8          2         
268.5        8        66.1         448        16           8.3          2         
269.0        9        66.0         448        16           7.8          2         
269.5        8        66.2         449        16           8.7          2         
270.0        9        66.1         449        16           8.2          2         
270.5        9        66.0         450        16           8.7          2         
271.0        9        65.9         451        16           9.2          2         
271.5        8        66.1         453        16           10.2         2         
272.0        7        66.2         455        16           11.9         2         
272.5        6        66.2         457        16           13.9         2         
273.0        5        66.6         459        16           13.3         2         
273.5        6        66.5         459        16           11.5         2         
274.0        7        66.4         459        16           10.3         2         
274.5        7        66.4         460        16           10.6         2         
275.0        6        66.5         462        16           12.8         2         
275.5        6        66.5         463        16           13.3         2         
276.0        7        66.7         463        16           11.9         2         
276.5        8        66.6         463        16           10.8         1         
277.0        8        66.5         464        16           11.3         2         
277.5        8        66.8         465        16           7.2          2         
278.0        6        66.8         468        16           3.9          2         
278.5        5        66.7         470        16           4.4          2         
279.0        6        66.6         470        16           4.1          2         
279.5        5        67.0         472        16           5.1          2         
280.0        5        66.9         473        16           5.6          2         
280.5        6        66.7         473        16           5.1          2         
281.0        7        66.6         473        16           4.8          2         
281.5        7        66.8         474        16           4.5          2         
282.0        8        66.7         474        16           4.4          2         
282.5        9        66.6         474        16           4.3          1         
283.0        8        66.5         475        16           5.2          1         
283.5        8        66.4         476        16           5.8          1         
284.0        7        66.6         478        16           6.1          2         
284.5        7        66.5         479        16           6.6          2         
285.0        8        66.4         479        16           6.2          2         
285.5        7        66.6         481        16           5.0          2         
286.0        7        66.7         482        16           3.7          2         
286.5        4        66.9         486        16           4.0          2         
287.0        5        66.8         486        16           3.6          2         
287.5        5        66.7         487        16           4.1          2         
288.0        5        66.6         488        16           4.6          2         
288.5        5        66.6         489        16           5.1          2         
289.0        5        66.7         489        16           5.6          2         
289.5        5        66.6         489        16           6.1          2         
290.0        5        66.5         489        16           6.6          2         
290.5        5        66.5         490        16           5.1          2         
291.0        3        67.0         493        16           5.8          2         
291.5        3        67.2         494        16           4.8          2         
292.0        3        67.1         495        16           5.3          1         
292.5        3        67.1         496        16           5.8          2         
293.0        4        67.2         496        16           4.8          2         
293.5        3        67.2         497        16           3.3          2         
294.0        2        67.3         499        16           4.5          2         
294.5        2        67.2         500        16           5.0          2         
295.0        3        67.1         500        16           3.7          2         
295.5        4        67.0         500        16           3.1          2         
296.0        4        67.0         501        16           3.6          2         
296.5        5        66.9         501        16           3.3          2         
297.0        5        66.8         502        16           3.8          2         
297.5        5        66.8         503        16           3.8          2         
298.0        6        66.7         503        16           3.6          2         
298.5        7        67.2         503        16           3.5          2         
299.0        7        67.1         503        16           4.0          1         
299.5        8        67.1         503        16           3.9          1         
300.0        8        67.0         504        16           4.4          1         
300.5        7        66.9         506        16           5.5          2         
301.0        6        67.1         508        16           5.8          2         
301.5        6        67.0         509        16           6.2          2         
302.0        6        66.9         510        16           6.8          2         
302.5        7        66.8         510        16           6.2          2         
303.0        7        66.7         510        16           6.7          2         
303.5        7        66.6         511        16           7.2          2         
304.0        6        66.7         513        16           7.9          2         
304.5        6        66.6         513        16           8.4          2         
305.0        4        66.6         515        16           9.8          2         
305.5        4        66.6         516        16           7.8          2         
306.0        3        66.7         518        16           8.5          2         
306.5        3        66.6         519        16           9.0          2         
307.0        3        66.5         520        16           9.5          2         
307.5        4        66.5         520        16           7.5          1         
308.0        4        66.6         521        16           6.2          2         
308.5        5        66.5         521        16           5.4          2         
309.0        4        66.4         523        16           6.5          2         
309.5        5        66.3         523        16           5.6          2         
310.0        4        66.3         524        16           7.0          2         
310.5        5        66.4         524        16           6.0          2         
311.0        4        66.6         526        16           7.4          2         
311.5        1        66.9         530        16           2.0          2         
312.0        1        66.8         530        16           2.5          2         
312.5        1        66.7         530        16           3.0          2         
313.0        2        66.6         530        16           1.8          2         
313.5        2        66.8         531        16           2.0          2         
314.0        3        66.7         531        16           1.7          2         
314.5        3        66.6         531        16           2.2          2         
315.0        2        66.7         533        16           3.2          2         
315.5        3        66.6         533        16           2.5          1         
316.0        3        66.8         534        16           3.0          2         
316.5        3        66.7         535        16           3.5          2         
317.0        3        66.6         535        16           4.0          2         
317.5        2        66.6         536        16           5.0          2         
318.0        2        66.7         537        16           5.5          2         
318.5        1        66.7         539        16           3.0          2         
319.0        1        66.7         539        16           3.5          2         
319.5        1        66.6         540        16           4.0          2         
320.0        1        66.5         541        16           4.5          2         
320.5        2        66.4         541        16           2.5          2         
321.0        2        66.4         542        16           3.0          2         
321.5        3        66.3         542        16           2.3          2         
322.0        3        66.4         542        16           2.8          2         
322.5        2        66.6         544        16           1.5          2         
323.0        2        66.5         544        16           2.0          1         
323.5        2        66.5         545        16           2.5          2         
324.0        1        66.6         547        16           2.5          2         
324.5        1        66.6         547        16           3.0          2         
325.0        1        66.6         548        16           3.5          2         
325.5        1        66.6         549        16           4.0          2         
326.0        1        66.5         549        16           4.5          2         
326.5        2        66.6         549        16           2.5          2         
327.0        2        66.6         550        16           3.0          2         
327.5        2        66.6         551        16           3.5          2         
328.0        1        66.7         553        16           6.5          2         
328.5        1        66.9         554        16           7.0          2         
329.0        2        67.0         554        16           3.8          2         
329.5        1        67.0         555        16           8.0          2         
330.0        1        66.9         556        16           8.5          2         
330.5        1        67.0         557        16           9.0          2         
331.0        1        66.9         557        16           9.5          1         
331.5        2        66.9         557        16           5.0          1         
332.0        2        67.1         558        16           0.2          1         
332.5        3        67.2         558        16           0.5          2         
333.0        3        67.1         559        16           1.0          2         
333.5        3        67.0         560        16           1.5          2         
334.0        3        66.9         561        16           2.0          2         
334.5        3        66.8         562        16           2.5          2         
335.0        3        66.9         563        16           2.0          2         
335.5        4        66.8         563        16           1.9          2         
336.0        4        66.7         563        16           2.4          2         
336.5        5        66.6         563        16           2.3          2         
337.0        5        66.5         564        16           2.8          2         
337.5        5        66.6         565        16           3.3          2         
338.0        4        66.7         567        16           4.1          2         
338.5        4        66.6         568        16           4.6          1         
339.0        4        66.6         569        16           5.1          2         
339.5        5        66.5         569        16           4.5          2         
340.0        5        66.5         570        16           5.0          2         
340.5        6        66.4         570        16           4.6          2         
341.0        7        66.3         570        16           4.4          2         
341.5        7        66.4         571        16           4.9          2         
342.0        7        66.3         572        16           5.4          2         
342.5        7        66.2         573        16           5.9          2         
343.0        7        66.3         574        16           6.4          2         
343.5        7        66.3         575        16           6.9          2         
344.0        7        66.2         575        16           7.4          2         
344.5        7        66.3         575        16           7.9          2         
345.0        7        66.2         576        16           8.4          2         
345.5        7        66.1         577        16           8.9          2         
346.0        7        66.0         578        16           9.4          2         
346.5        7        65.9         579        16           9.9          2         
347.0        7        66.0         580        16           10.4         2         
347.5        7        66.0         580        16           10.9         1         
348.0        7        66.1         581        16           11.4         1         
348.5        8        66.1         581        16           10.4         1         
349.0        8        66.0         582        16           10.9         2         
349.5        9        65.9         582        16           10.1         2         
350.0        9        66.0         583        16           10.6         2         
350.5        8        66.0         584        16           10.1         2         
351.0        9        65.9         584        16           9.4          2         
351.5        8        66.0         585        16           10.8         2         
352.0        8        66.0         586        16           9.7          2         
352.5        8        65.9         587        16           10.2         2         
353.0        8        65.9         588        16           10.6         2         
353.5        9        65.9         588        16           9.8          2         
354.0        9        65.8         588        16           10.3         1         
354.5        10       65.7         588        16           9.8          1         
355.0        10       65.6         589        16           10.2         1         
355.5        11       65.5         589        16           9.8          1         
356.0        10       65.6         591        16           11.2         2         
356.5        9        65.7         593        16           12.2         2         
357.0        9        65.6         593        16           12.7         2         
357.5        9        65.5         594        16           13.2         2         
358.0        9        65.5         595        16           13.7         2         
358.5        10       65.4         595        16           12.8         2         
359.0        10       65.4         595        16           13.3         2         
359.5        10       65.3         596        16           13.8         2         
360.0        11       65.2         596        16           13.0         2         
360.5        10       65.4         598        16           14.2         2         
361.0        11       65.3         598        16           13.3         2         
361.5        11       65.4         599        16           12.0         2         
362.0        10       65.5         601        16           13.5         2         
362.5        11       65.6         601        16           12.7         2         
363.0        11       65.6         602        16           13.2         2         
363.5        11       65.5         602        16           13.7         2         
364.0        12       65.4         602        16           13.0         1         
364.5        12       65.3         603        16           12.3         1         
365.0        12       65.5         604        16           12.5         1         
365.5        13       65.4         604        16           12.0         1         
366.0        14       65.5         604        16           11.6         2         
366.5        14       65.7         604        16           12.1         2         
367.0        14       65.6         604        16           12.6         2         
367.5        13       65.7         605        16           14.0         2         
368.0        13       65.7         606        16           14.5         2         
368.5        14       65.6         606        16           13.9         2         
369.0        15       65.7         606        16           13.5         2         
369.5        15       65.6         607        16           14.0         2         
370.0        14       65.8         608        17           12.1         2         
370.5        14       65.7         608        17           12.6         2         
371.0        14       65.6         609        17           13.1         1         
371.5        14       65.6         609        17           13.6         2         
372.0        14       65.5         609        17           14.1         2         
372.5        12       65.8         612        17           16.0         2         
373.0        12       65.7         613        17           16.5         2         
373.5        12       65.6         614        17           17.0         2         
374.0        12       65.7         614        17           17.5         2         
374.5        12       65.6         614        17           18.0         2         
375.0        10       65.5         615        19           14.9         2         
375.5        9        65.6         617        19           16.4         2         
376.0        9        65.7         618        19           16.9         2         
376.5        9        65.6         619        19           17.4         2         
377.0        10       65.6         619        19           16.1         2         
377.5        9        65.6         621        19           15.6         2         
378.0        9        65.6         622        19           14.7         2         
378.5        10       65.7         622        19           13.7         2         
379.0        10       65.6         623        19           14.2         2         
379.5        11       65.6         623        19           13.4         2         
380.0        10       65.7         624        19           15.1         2         
380.5        11       65.6         624        19           14.2         2         
381.0        11       65.5         625        19           14.7         1         
381.5        9        65.6         628        19           17.9         2         
382.0        9        65.7         629        19           18.4         2         
382.5        9        65.6         630        19           18.9         2         
383.0        10       65.6         630        19           17.5         2         
383.5        11       65.7         630        19           16.4         2         
384.0        12       65.6         630        19           15.5         2         
384.5        13       65.6         630        19           14.7         2         
385.0        12       65.7         632        19           16.0         2         
385.5        13       65.6         632        19           15.3         2         
386.0        12       65.8         634        19           16.8         2         
386.5        12       65.8         634        19           17.3         1         
387.0        12       65.7         635        19           17.8         1         
387.5        12       65.7         636        19           18.3         2         
388.0        12       65.6         637        19           18.8         2         
388.5        12       65.6         638        19           19.3         2         
389.0        12       65.5         639        19           19.8         2         
389.5        12       65.5         640        19           20.3         2         
390.0        11       65.6         641        20           19.1         2         
390.5        12       65.5         641        20           18.0         2         
391.0        13       65.4         641        20           17.1         2         
391.5        14       65.4         641        20           16.3         2         
392.0        15       65.4         641        20           15.7         2         
392.5        15       65.4         642        20           16.2         2         
393.0        14       65.4         644        20           15.9         2         
393.5        15       65.4         644        20           15.3         2         
394.0        13       65.5         647        20           17.9         2         
394.5        13       65.5         648        20           17.1         2         
395.0        13       65.5         648        21           13.0         2         
395.5        13       65.5         649        21           13.5         2         
396.0        14       65.4         649        21           13.0         2         
396.5        15       65.3         649        21           12.6         1         
397.0        14       65.5         650        21           11.5         1         
397.5        13       65.5         651        21           10.4         2         
398.0        14       65.5         651        21           10.1         2         
398.5        13       65.5         653        21           10.3         2         
399.0        14       65.4         653        21           10.0         2         
399.5        13       65.4         655        21           11.2         2         
400.0        10       65.6         657        22           11.1         2         
400.5        10       65.7         658        22           10.7         2         
401.0        11       65.7         658        22           10.1         2         
401.5        11       65.6         658        22           10.6         2         
402.0        11       65.5         659        22           11.1         2         
402.5        11       65.4         660        22           11.6         1         
403.0        10       65.5         661        22           12.9         1         
403.5        11       65.4         661        22           12.2         2         
404.0        9        65.6         664        22           13.1         2         
404.5        9        65.7         665        22           12.2         2         
405.0        9        65.6         666        22           12.7         2         
405.5        9        65.5         667        22           13.2         2         
406.0        8        65.6         669        22           10.2         2         
406.5        8        65.5         669        22           10.7         2         
407.0        8        65.6         670        22           10.9         2         
407.5        8        65.5         671        22           11.4         2         
408.0        8        65.5         672        22           11.9         2         
408.5        9        65.4         672        22           11.0         2         
409.0        9        65.4         672        22           11.5         2         
409.5        10       65.4         672        22           10.8         2         
410.0        10       65.3         673        22           11.3         2         
410.5        10       65.2         674        22           11.8         2         
411.0        11       65.1         674        22           11.2         2         
411.5        12       65.2         674        22           10.7         2         
412.0        12       65.2         675        22           11.2         2         
412.5        13       65.1         675        22           10.8         1         
413.0        13       65.1         676        22           9.9          1         
413.5        12       65.2         678        22           11.1         2         
414.0        12       65.1         678        22           11.6         2         
414.5        11       65.1         680        22           13.0         2         
415.0        12       65.1         680        22           12.4         2         
415.5        12       65.1         681        22           12.9         2         
416.0        12       65.1         681        22           13.4         2         
416.5        11       65.3         683        22           14.5         2         
417.0        10       65.3         685        22           14.9         2         
417.5        9        65.3         687        22           14.1         2         
418.0        10       65.3         687        22           13.2         2         
418.5        11       65.2         687        22           12.4         1         
419.0        11       65.1         688        22           12.9         1         
419.5        12       65.2         688        22           12.3         1         
420.0        12       65.1         688        22           12.8         1         
420.5        11       65.2         690        22           14.0         2         
421.0        11       65.3         691        22           13.6         2         
421.5        11       65.3         692        22           13.3         2         
422.0        11       65.2         693        22           13.8         2         
422.5        12       65.4         693        22           13.1         2         
423.0        10       65.5         696        22           15.4         2         
423.5        10       65.6         697        22           12.0         2         
424.0        10       65.7         698        22           12.1         2         
424.5        9        65.7         700        22           13.8         2         
425.0        9        65.6         701        22           14.3         2         
425.5        8        65.6         702        22           13.9         2         
426.0        8        65.6         702        22           14.4         2         
426.5        9        65.5         702        22           13.3         2         
427.0        10       65.4         702        22           12.4         2         
427.5        10       65.4         703        22           11.0         2         
428.0        11       65.7         703        22           10.5         2         
428.5        8        65.9         707        22           7.5          1         
429.0        9        65.8         707        22           7.1          2         
429.5        10       65.7         707        22           6.8          2         
430.0        10       65.8         708        22           7.3          2         
430.5        10       65.7         708        22           7.8          2         
431.0        10       65.6         708        22           8.3          2         
431.5        11       65.5         708        22           8.0          2         
432.0        11       65.6         709        22           8.5          2         
432.5        12       65.5         709        22           8.3          2         
433.0        10       65.7         711        22           9.4          2         
433.5        11       65.6         711        22           9.0          2         
434.0        10       65.8         713        22           9.8          2         
434.5        10       65.8         713        22           10.3         2         
435.0        10       65.8         713        23           7.0          2         
435.5        11       65.7         713        23           6.8          1         
436.0        12       65.6         713        23           6.7          1         
436.5        12       65.7         714        23           7.2          2         
437.0        12       65.6         714        23           7.7          2         
437.5        12       65.5         715        23           8.2          2         
438.0        13       65.4         715        23           8.0          2         
438.5        14       65.5         715        23           7.9          2         
439.0        14       65.5         716        23           8.4          2         
439.5        13       65.5         717        23           9.2          2         
440.0        14       65.5         717        23           9.0          2         
440.5        15       65.4         717        23           8.8          2         
441.0        16       65.4         717        23           8.8          2         
441.5        16       65.3         718        23           9.2          2         
442.0        17       65.4         718        23           9.2          2         
442.5        18       65.3         718        23           9.1          2         
443.0        18       65.2         718        23           9.6          2         
443.5        19       65.3         718        23           9.6          2         
444.0        18       65.4         719        23           9.7          1         
444.5        16       65.5         722        23           11.1         1         
445.0        14       65.7         725        23           12.1         1         
445.5        15       65.6         725        23           11.8         2         
446.0        15       65.5         725        23           12.3         2         
446.5        15       65.5         725        23           12.8         2         
447.0        13       65.6         728        23           13.9         2         
447.5        13       65.5         729        23           14.4         2         
448.0        13       65.4         730        23           14.9         2         
448.5        14       65.4         730        23           14.3         2         
449.0        14       65.4         731        23           14.8         2         
449.5        15       65.3         731        23           14.3         2         
450.0        16       65.2         731        23           13.9         2         
450.5        16       65.3         732        23           12.9         2         
451.0        17       65.2         732        23           12.6         2         
451.5        17       65.2         733        23           11.8         1         
452.0        17       65.1         734        23           12.3         1         
452.5        17       65.1         735        23           12.8         1         
453.0        17       65.0         735        23           13.3         1         
453.5        17       65.0         736        23           13.6         1         
454.0        16       65.1         738        23           14.8         1         
454.5        17       65.1         738        23           14.4         1         
455.0        17       65.0         738        24           12.9         1         
455.5        17       64.9         739        24           13.4         1         
456.0        17       64.9         740        24           13.9         1         
456.5        16       65.0         742        24           14.6         1         
457.0        16       65.1         743        24           15.1         2         
457.5        16       65.1         743        24           15.6         2         
458.0        17       65.0         743        24           15.1         2         
458.5        17       65.0         743        24           15.6         2         
459.0        17       64.9         743        24           16.1         2         
459.5        17       64.8         744        24           16.6         2         
460.0        17       65.0         745        24           17.0         2         
460.5        16       65.0         747        24           18.6         1         
461.0        17       65.0         747        24           18.0         1         
461.5        16       65.1         749        24           16.7         2         
462.0        16       65.0         750        24           17.2         2         
462.5        15       65.2         752        24           16.7         2         
463.0        16       65.1         752        24           16.2         2         
463.5        17       65.0         752        24           15.7         2         
464.0        17       65.0         753        24           16.2         2         
464.5        18       65.0         753        24           15.8         2         
465.0        15       65.2         755        26           12.8         2         
465.5        15       65.1         755        26           13.3         2         
466.0        16       65.1         755        26           12.9         2         
466.5        16       65.1         756        26           13.4         2         
467.0        15       65.1         758        26           12.9         2         
467.5        15       65.1         759        26           13.2         2         
468.0        15       65.0         760        26           13.7         2         
468.5        16       65.0         760        26           13.3         2         
469.0        17       64.9         760        26           13.0         2         
469.5        16       65.1         762        26           13.3         2         
470.0        14       65.1         764        27           12.7         2         
470.5        14       65.1         765        27           13.2         2         
471.0        14       65.1         765        27           13.7         2         
471.5        14       65.0         766        27           14.2         2         
472.0        14       64.9         767        27           14.7         1         
472.5        14       65.0         768        27           15.2         1         
473.0        15       64.9         768        27           14.6         2         
473.5        15       64.9         769        27           14.8         2         
474.0        15       65.0         770        27           15.3         2         
474.5        14       65.1         772        27           15.5         2         
475.0        14       65.1         773        27           15.2         2         
475.5        14       65.1         774        27           15.7         2         
476.0        13       65.3         776        27           16.9         2         
476.5        13       65.3         777        27           17.4         1         
477.0        13       65.4         778        27           17.6         1         
477.5        14       65.3         778        27           16.8         2         
478.0        15       65.2         778        27           16.2         2         
478.5        15       65.2         778        27           16.7         2         
479.0        15       65.2         778        27           17.2         2         
479.5        15       65.2         779        27           17.7         2         

ESTATÍSTICAS GERAIS
================================================================================
Tempo total: 479.5 minutos
Fila máxima: 24 pacientes
Fila média: 10.3 pacientes
Ocupação média: 58.6%
Total atendidos: 779
Total desistentes: 27
Espera média: 10.5 minutos

INFORMAÇÕES ADICIONAIS
================================================================================
Número de pontos de tempo: 960
Dados válidos extraídos: 960